view_a,view_b,exact_sample_overlap,question_key_overlap,rows_in_a_on_shared_question_keys,rows_in_b_on_shared_question_keys,sample_disjoint_status,question_key_overlap_interpretation
representative_train,risk_enriched_train,0,12,12,32,PASS,allowed_and_reported_under_triple_key_protocol
representative_train,clean_dev,0,106,106,111,PASS,allowed_and_reported_under_triple_key_protocol
risk_enriched_train,clean_dev,0,79,104,83,PASS,allowed_and_reported_under_triple_key_protocol
